[Info] Random Seed set to: 0
============================================================
BENCHMARK: 6 Attacks (LLG, LLG+, ZLG, RLU, MLA)
Config: Batch=64 | Alpha=1.0 | Loops=50
============================================================
Dataset: cifar100 | Image Size: 32x32
Retain Size: 40000 | Forget/Finetune Size: 10000
Initializing ResNet18 for input 32x32, ch=3
Initializing ResNet18 for input 32x32, ch=3
[Prep] Grouping indices by class for Alpha sampling...

>>> Loop 1/50 (Alpha=1.0)

[BẮT ĐẦU UNLEARN] Tổng số mẫu: 64 | Batch Size: 16 | Epochs: 5

======================================================================
------------------- EPOCH CỤC BỘ 01 / 05 hoàn tất --------------------
• Loss trung bình của Epoch: -0.9894
• Delta Bias lớp 'linear.bias' sau Epoch này:
  [-1.10305846e-05  1.14157796e-04 -4.02726233e-04 -3.34873796e-04
  3.52585688e-04  7.98739493e-05  1.53892674e-04 -6.05965033e-04
 -7.19786622e-05  6.21564686e-05  1.36920251e-04  1.03367493e-04
  2.02443451e-04 -8.19871202e-05  4.78941947e-05  1.20455399e-04
  8.52290541e-05 -5.17999753e-04  3.81194986e-05  3.22110718e-05
 -1.53832138e-04 -2.19876878e-04  1.46286562e-04  4.39956784e-06
  3.63718718e-05 -1.89675018e-04  3.65262968e-05  8.43424350e-05
  1.79998577e-04  1.00027770e-04  1.26634957e-04 -4.75746114e-04
  5.28884586e-04  1.09686516e-04  1.40352175e-04  2.09609047e-04
 -1.03292987e-04 -5.28099947e-04 -3.96430842e-04  1.11134723e-04
 -1.62832439e-05  3.74056399e-05  1.67217106e-04  1.95737928e-04
 -5.03388233e-04 -1.69653445e-04  7.98599795e-05  4.06038016e-05
  1.19086355e-04 -1.24446675e-03  2.00772658e-04 -1.04926527e-04
 -1.89542770e-04  3.75602394e-05  1.13722868e-04  3.08776274e-04
  1.14036724e-04  1.24301761e-04  1.13906339e-04  1.41099561e-04
  3.02154571e-04  2.21427530e-04 -4.10102773e-04  1.33343041e-04
  9.01408494e-05 -4.23685648e-04  1.00947917e-04  1.03604514e-04
 -5.80014661e-04  4.56571579e-05 -1.02071092e-04  1.15192030e-04
 -3.18031758e-04  1.73306093e-04 -3.60337406e-04  4.89742961e-05
  2.83457339e-05  2.83960253e-05  7.78674148e-05  4.62289900e-05
  9.25799832e-05  1.56976748e-05  2.37524509e-05  6.79939985e-05
  2.43136659e-04  5.66486269e-05  4.20408323e-05  3.74833122e-04
  1.41686760e-04 -1.54692680e-05  7.53564760e-04  9.96030867e-05
  1.42013654e-04 -1.65365636e-05  1.15893781e-05  1.65434554e-04
  2.43536197e-04  6.69881701e-05 -7.06505496e-04  6.01876527e-05]
• Khoảng cách dịch chuyển bias (L2 Norm): 0.00268501
======================================================================

======================================================================
------------------- EPOCH CỤC BỘ 02 / 05 hoàn tất --------------------
• Loss trung bình của Epoch: -3.5790
• Delta Bias lớp 'linear.bias' sau Epoch này:
  [-7.7310950e-05  7.1989372e-05 -5.2533299e-04 -2.1449104e-04
  5.6269765e-04  8.8209286e-05  1.0894146e-04 -6.8731979e-04
 -2.8476631e-04  8.4680039e-05  5.1925750e-04  3.8432889e-05
  3.7532300e-05 -6.0149375e-04  7.9550780e-05  5.3104013e-05
  1.6244687e-04 -6.1195157e-04  7.5780787e-05  2.1689455e-05
 -1.9820035e-04  4.8390590e-05 -4.5908242e-04  5.3908676e-05
  9.9649653e-05 -4.3524988e-04  3.2468524e-05  9.3403272e-05
  2.0857342e-04  3.8424181e-04  6.0868915e-05  1.3439450e-05
  6.1139464e-04  1.6747043e-04  2.1308102e-04 -1.7806049e-04
 -2.7030148e-04 -6.0513080e-04 -9.8605105e-04  9.0064481e-05
 -1.3934914e-04  2.1424145e-05  4.6844035e-04  1.8045306e-05
 -5.1802397e-04 -5.9700385e-04  2.3687258e-05  4.8054382e-05
  3.0886848e-04 -1.8061101e-03  3.3725984e-04 -3.9984658e-04
 -5.7549961e-04  4.7165900e-05  4.8637111e-04  2.7810596e-04
  5.6169927e-05  3.5326183e-04  6.1399117e-04  3.0545448e-04
  9.7187795e-04  1.1065472e-03 -5.7041505e-04  1.5117880e-04
  5.5171549e-05 -5.0266366e-04  3.0843262e-04  4.1709747e-05
 -5.5879541e-04  3.3300370e-05 -3.1009968e-04  1.6979966e-04
  2.6969239e-05  4.8706308e-05 -6.0400442e-04  2.1533342e-05
  1.6786158e-05  1.4507025e-04  8.8897999e-05  2.7187169e-05
  4.5198947e-05  3.3876859e-06  6.6354871e-05  9.4965100e-05
  1.4008768e-04  3.8234517e-05  6.0389750e-05  6.0224626e-04
  1.6725622e-05 -3.3653388e-04  6.4423308e-04  1.4222786e-04
  3.7518702e-04 -2.5454909e-05  5.9511513e-06  8.5557811e-05
  4.5624189e-04  6.7722052e-05 -4.2018294e-04  9.3281269e-05]
• Khoảng cách dịch chuyển bias (L2 Norm): 0.00397336
======================================================================

======================================================================
------------------- EPOCH CỤC BỘ 03 / 05 hoàn tất --------------------
• Loss trung bình của Epoch: -6.5426
• Delta Bias lớp 'linear.bias' sau Epoch này:
  [-5.9192255e-04  3.3942983e-05 -1.7517153e-04 -4.9318746e-04
  1.2454260e-03  3.4602359e-05  5.8845617e-05 -8.2299113e-04
 -6.0371449e-04  1.1256430e-04  6.1634183e-04 -2.8431322e-04
  7.0258975e-06 -6.1411224e-04  7.0256181e-05  6.1873347e-05
  1.2650155e-04 -5.9803389e-04 -2.1950342e-05 -3.5924243e-04
 -3.9296597e-04  3.2986887e-04 -2.7738325e-04 -1.8754974e-05
  2.1287054e-04 -4.5497902e-04  3.7404767e-05 -1.7722137e-04
  4.4548139e-04  2.5374023e-04  7.6321885e-05  2.1711132e-04
  6.7539676e-04  9.5370226e-05  3.0399486e-04 -5.4378156e-04
 -4.9185939e-04 -5.6761852e-04 -1.2120267e-03  1.5834067e-04
 -3.4394860e-04  2.1159649e-05  6.6325255e-04  2.4406239e-05
 -5.7324767e-04 -5.9232488e-04  4.6725385e-05  1.3050437e-04
  6.4972788e-04 -1.7974181e-03  3.7320890e-04 -5.8710203e-04
 -6.0415175e-04  1.6981736e-05  6.5215630e-04  1.4569424e-04
  1.3010204e-04  1.1691060e-03  6.3743070e-04  3.7118653e-04
  1.2537148e-03  1.2395103e-03 -5.8940984e-04  1.8898398e-04
  9.8481774e-05 -5.6223781e-04  3.5677105e-04  3.6622863e-05
 -6.1908551e-04  7.0802867e-05 -6.6179968e-04  1.1263741e-04
  6.6418201e-05  9.4917603e-05 -6.0424604e-04  3.3722725e-05
  3.7610531e-05  3.7381425e-05  4.4401735e-05  2.9901043e-05
  3.9926730e-05  1.1881581e-05  2.7548522e-05  2.1778047e-05
  4.0148664e-04  2.0017102e-04  4.0000305e-05  6.6501461e-04
 -7.7635050e-06 -6.1707664e-04  6.4279325e-04  3.6342070e-05
  1.6267411e-04  1.3959780e-04  3.6748126e-05  5.3482596e-05
  3.0628219e-04  1.1155382e-04 -1.5586615e-05  7.2529539e-05]
• Khoảng cách dịch chuyển bias (L2 Norm): 0.00483201
======================================================================

======================================================================
------------------- EPOCH CỤC BỘ 04 / 05 hoàn tất --------------------
• Loss trung bình của Epoch: -9.3620
• Delta Bias lớp 'linear.bias' sau Epoch này:
  [-5.85753471e-04  1.53513625e-04  6.52559102e-05 -6.03526831e-04
  1.27055310e-03  3.74184921e-04  9.13301483e-05 -1.09268911e-03
 -6.10080548e-04 -1.49253756e-04  5.31520229e-04 -2.32818536e-04
  3.48016620e-05 -5.93795441e-04  6.49429858e-05  1.74101442e-05
  1.90645456e-04 -6.18387014e-04  6.19995408e-05 -6.09807321e-04
 -1.06468424e-03  6.12688717e-04 -3.02512199e-05 -2.54200771e-04
  5.25375828e-04 -3.79914418e-04  3.83150182e-05 -5.46969473e-04
  7.27234408e-04  4.94807027e-05  2.10876577e-04  3.14395875e-05
  9.28070862e-04  2.15907581e-04  1.93988904e-04 -5.83039597e-04
 -4.56972048e-04 -5.92226628e-04 -1.02278776e-03  1.41791999e-04
 -4.94770706e-04  3.39522958e-05  7.80714676e-04  2.43037939e-05
 -5.17850742e-04 -5.71958721e-04  1.21444464e-05 -4.13320959e-06
  6.50833361e-04 -1.77157205e-03  4.03910875e-04 -5.11392951e-04
 -6.20345585e-04  6.56060874e-05  6.55515119e-04  1.49745494e-04
  2.22856179e-05  1.27178105e-03  6.41259365e-04  2.54351180e-05
  1.39727443e-03  1.26068667e-03 -5.96452504e-04  1.25190243e-04
 -1.17259100e-04 -6.01721462e-04  4.49487939e-04  5.66318631e-05
 -6.92625530e-04  4.38764691e-05 -7.41537660e-04  1.83278229e-04
  1.05340034e-04  6.87129796e-05 -5.65816066e-04  5.44523355e-05
  3.10875475e-05 -1.26779079e-04  1.11488625e-04  4.63984907e-05
  3.31951305e-05  1.13532413e-04  2.92621553e-05  1.98557973e-05
  7.50368461e-04  5.67045063e-05  7.25407153e-05  6.38958998e-04
 -3.74726020e-04 -6.18575606e-04  6.49129972e-04  2.57473439e-05
  1.53491274e-04  6.13842160e-04  8.29622149e-06  9.24258493e-05
  3.76838259e-04  6.92196190e-05  1.06985681e-05  3.78489494e-05]
• Khoảng cách dịch chuyển bias (L2 Norm): 0.00530056
======================================================================

======================================================================
------------------- EPOCH CỤC BỘ 05 / 05 hoàn tất --------------------
• Loss trung bình của Epoch: -11.6297
• Delta Bias lớp 'linear.bias' sau Epoch này:
  [-6.1277673e-04  5.0526112e-05  9.7240321e-05 -5.1775854e-04
  1.4260393e-03  6.3234381e-04  2.8586946e-04 -1.0924600e-03
 -5.8829784e-04 -5.2932231e-04  5.2044587e-04 -4.7787372e-04
 -4.4079125e-04 -5.1563792e-04  5.5615697e-04  2.7228147e-05
  1.1859089e-04 -6.0441159e-04 -8.6243195e-04 -1.0406157e-03
 -1.3380181e-03  6.2711257e-04  6.9359317e-05 -3.1252392e-04
  6.6009909e-04 -4.1303411e-04  8.0855796e-05 -5.6327879e-04
  1.5328266e-04  1.8228265e-04  2.1531340e-04  1.0794774e-04
  8.3890930e-04  4.6495255e-04  3.6991015e-04 -5.8099627e-04
 -2.9917434e-04 -5.9121160e-04 -1.0512979e-03  1.0699313e-04
 -3.7839357e-04  4.0911138e-05  9.4664469e-04  4.0555373e-05
 -7.9051591e-05 -5.6536123e-04  2.9639341e-05  3.5148114e-06
  6.4935908e-04 -1.8532211e-03  4.0404499e-04 -4.0779635e-04
 -6.1664823e-04  6.6298991e-05  8.0576586e-04  1.2184307e-04
  4.4066459e-05  1.3314690e-03  6.5029319e-04  3.5974430e-05
  1.6170256e-03  1.2756512e-03 -5.4377317e-04  3.9009843e-04
 -4.5568869e-04 -5.6473073e-04  5.7999417e-04  1.3230974e-04
 -8.9226291e-04  4.2229891e-05 -6.3245278e-04  1.5066820e-04
  1.5529804e-04  5.0743110e-05 -8.4902230e-04  5.1549170e-05
  2.8409064e-05 -4.5356527e-04  1.5121978e-04  2.0831637e-04
  3.3499114e-04  6.4610899e-04  5.3530559e-05  3.5263598e-05
  7.1290135e-04  3.3320859e-04  2.8052367e-05  6.5082684e-04
 -5.6102592e-04 -6.0485408e-04  6.9595501e-04  2.5400892e-05
  2.4989061e-04 -6.7792833e-05  6.1374158e-06  3.7009362e-05
  3.0345097e-04  1.3054907e-04  3.8347207e-05  8.0572441e-05]
• Khoảng cách dịch chuyển bias (L2 Norm): 0.00585596
======================================================================

================================================================================
================== ĐÁNH GIÁ HIỆU NĂNG SAU KHI UNLEARN (AFTER) ==================
• Retain Accuracy (Cần giữ lại)       : 76.97% 
• Test Accuracy (Tổng quát chung)       : 63.50%  
• Remaining Forget Acc (Giữ lại bổ trợ) : 69.22% 
• Target Forget Batch Acc (ĐÃ QUÊN)     : 12.50%  
================================================================================

[[-1.5268173e-03  1.5422398e-05  1.5422398e-05 ...  1.5422398e-05
   1.5422398e-05  1.5422398e-05]
 [ 1.5422398e-05 -1.5268173e-03  1.5422398e-05 ...  1.5422398e-05
   1.5422398e-05  1.5422398e-05]
 [ 1.5422398e-05  1.5422398e-05 -1.5268173e-03 ...  1.5422398e-05
   1.5422398e-05  1.5422398e-05]
 ...
 [ 1.5422398e-05  1.5422398e-05  1.5422398e-05 ... -1.5268173e-03
   1.5422398e-05  1.5422398e-05]
 [ 1.5422398e-05  1.5422398e-05  1.5422398e-05 ...  1.5422398e-05
  -1.5268173e-03  1.5422398e-05]
 [ 1.5422398e-05  1.5422398e-05  1.5422398e-05 ...  1.5422398e-05
   1.5422398e-05 -1.5268173e-03]]
[2, 0, 1, 2, 0, 0, 0, 3, 2, 1, 0, 1, 0, 2, 0, 0, 0, 2, 1, 2, 2, 0, 1, 1, 0, 2, 0, 1, 0, 0, 0, 0, 0, 0, 0, 1, 1, 2, 3, 0, 1, 0, 0, 0, 2, 2, 0, 0, 0, 6, 0, 2, 2, 0, 0, 0, 0, 0, 0, 0, 0, 0, 2, 0, 1, 2, 0, 0, 2, 0, 2, 0, 0, 0, 2, 0, 0, 1, 0, 0, 0, 0, 0, 0, 0, 0, 0, 0, 1, 2, 0, 0, 0, 0, 0, 0, 0, 0, 1, 0]
[1, 0, 1, 2, 0, 1, 0, 2, 1, 1, 1, 1, 1, 1, 0, 0, 0, 1, 2, 2, 3, 1, 2, 1, 0, 1, 0, 1, 1, 0, 0, 1, 0, 0, 0, 1, 1, 1, 2, 0, 1, 0, 0, 0, 1, 1, 0, 1, 0, 3, 0, 1, 1, 0, 0, 0, 1, 0, 0, 0, 0, 0, 1, 0, 1, 1, 0, 0, 2, 0, 2, 0, 1, 0, 2, 0, 0, 1, 0, 0, 0, 0, 0, 0, 2, 0, 0, 0, 1, 1, 0, 0, 0, 3, 0, 0, 0, 0, 2, 0]
ZLG: 64.1% | 66.0% |

--------------------------------------------------------------------------------
--------------- BÁO CÁO TÀI NGUYÊN TIÊU THỤ CỦA CÁC PHƯƠNG PHÁP ----------------
• ZLG   | Time: 25.0668s | Peak VRAM: 124.7212 MB | Computations: 22218.75 GFLOPs
• MLA   | Time: 2.1301s | Peak VRAM: 0.0000 MB | Computations: 0 FLOPs
--------------------------------------------------------------------------------


>>> Loop 2/50 (Alpha=1.0)

[BẮT ĐẦU UNLEARN] Tổng số mẫu: 64 | Batch Size: 16 | Epochs: 5

======================================================================
------------------- EPOCH CỤC BỘ 01 / 05 hoàn tất --------------------
• Loss trung bình của Epoch: -0.7016
• Delta Bias lớp 'linear.bias' sau Epoch này:
  [ 3.17916274e-05 -5.88634983e-04  4.67607751e-05  4.06802632e-04
  2.00156122e-04  1.28298998e-05 -3.30395065e-04  7.00298697e-05
  1.07740052e-05  1.42022036e-05  3.35291028e-04 -5.39661385e-04
  1.90287828e-05  1.00685284e-04  1.47171319e-04  1.83004886e-05
 -2.02132389e-04  1.26194209e-05  3.48458998e-05  5.99499326e-05
  5.42402267e-06 -5.77798113e-04  4.37784940e-04 -1.18599087e-03
  2.38735229e-05  4.35486436e-06  2.59945518e-04  6.86533749e-05
  1.92830339e-04  1.13308430e-04  2.94152414e-04  2.66718678e-04
  1.46158971e-04  2.58180313e-04 -3.78061086e-05  4.74639237e-05
  9.23462212e-05  3.01535241e-04  3.64650041e-05 -2.10013241e-05
  5.81992790e-05 -7.68214464e-04  1.06189400e-05  2.11223960e-05
  9.42563638e-05  7.64019787e-05 -4.46372665e-04 -1.71365216e-04
  3.44291329e-05  6.23157248e-05  1.41609460e-04  2.69114971e-05
  1.76485628e-04  3.08342278e-05  2.35532876e-04 -3.42305750e-04
  9.17725265e-06  3.29678878e-05  4.21080738e-04 -7.47782178e-06
  7.54520297e-05 -1.76090747e-04  3.67458910e-04  8.50930810e-05
  7.42189586e-05  4.79552662e-04  8.76933336e-05  5.40809240e-04
  7.62753189e-06  1.15837902e-04 -4.70834784e-04  1.45132653e-05
  2.77761370e-04 -2.53400765e-04  7.85292941e-05  3.32561322e-05
  2.86735594e-05  5.01740724e-05  4.78737056e-05  2.38146633e-04
  9.17818397e-05 -3.15496465e-04  8.51973891e-06  3.61353159e-05
  2.23405659e-05  2.46278942e-04 -3.22960317e-04 -5.31688333e-04
  1.12820417e-04  5.64238057e-04 -5.59428707e-04  7.66869634e-05
  6.32647425e-05 -1.80049986e-03 -2.36716121e-04 -1.19802775e-04
  2.92342156e-05  1.98211521e-04  4.03377227e-04  4.81139868e-05]
• Khoảng cách dịch chuyển bias (L2 Norm): 0.00327012
======================================================================

======================================================================
------------------- EPOCH CỤC BỘ 02 / 05 hoàn tất --------------------
• Loss trung bình của Epoch: -2.9377
• Delta Bias lớp 'linear.bias' sau Epoch này:
  [ 4.2088330e-05 -6.4682588e-04  9.7873621e-05  4.6531018e-04
  1.5688501e-04  4.2628497e-05 -5.9960457e-04  6.9068745e-05
  1.5167054e-05  1.9616447e-05  2.6187627e-04 -5.3784251e-04
  5.4851174e-05  1.2932438e-04  3.3223070e-04  2.0278618e-05
 -6.2090158e-04  3.2948330e-05  4.6373345e-05  1.6779942e-04
  5.1576644e-06 -4.7749933e-04  1.1306982e-03 -1.2275893e-03
  3.4326687e-05 -1.6897917e-05  6.1250798e-04  1.8155575e-04
 -2.5257468e-06  1.6866904e-04  3.9188657e-04  6.0834037e-04
  3.3675809e-04  6.5440778e-04 -4.2850524e-04  1.2536813e-04
  1.0262057e-04  5.7602208e-04  4.3125823e-05 -2.7427450e-06
  7.4379146e-05 -1.3728663e-03 -7.3956326e-05  1.9755214e-04
  4.8703887e-04  6.7956746e-05 -4.7268253e-04 -5.3988211e-04
  5.4107048e-05 -1.5504193e-05  2.9715709e-04  1.5594438e-04
  5.5331923e-04  5.9338287e-05  6.0280319e-05 -9.7568147e-04
  1.0617077e-07  1.4165603e-04  7.0493482e-04 -9.7050797e-06
  1.6099587e-04 -4.4475868e-04  7.2149141e-04  3.7088804e-04
  8.8423491e-05  7.4160419e-04  8.9870766e-05  1.3709925e-03
  6.1877072e-06  1.5063956e-04 -1.5234221e-03  1.4387071e-04
  2.2195466e-04 -1.0489635e-03  3.7664501e-04  4.1028252e-05
  1.2408942e-05  1.6578473e-04 -6.0017267e-04  4.6945363e-04
  1.5606172e-04 -5.1296153e-04  1.6273931e-05  5.7771802e-05
  3.4363009e-05  9.4488263e-05 -5.9779361e-04 -4.6195183e-04
  8.6843967e-05  4.9716490e-04 -1.3289247e-03  4.2621046e-05
  4.9316697e-04 -2.6542451e-03 -4.0920079e-04 -8.3453953e-05
  1.7962884e-05  4.9668923e-04  6.2439218e-04  1.5748478e-04]
• Khoảng cách dịch chuyển bias (L2 Norm): 0.00549588
======================================================================

======================================================================
------------------- EPOCH CỤC BỘ 03 / 05 hoàn tất --------------------
• Loss trung bình của Epoch: -6.7763
• Delta Bias lớp 'linear.bias' sau Epoch này:
  [ 6.70030713e-05 -8.92087817e-04  1.39480457e-04  6.86462037e-04
  1.19857490e-04  1.06908381e-04 -6.84703700e-04  1.64942816e-04
  1.03269704e-05 -7.10673630e-05  5.09978272e-05 -4.86880541e-04
  3.05548310e-05  1.03825703e-04  1.08430441e-03  6.83609396e-05
 -1.20794773e-03  2.25305557e-05  1.15777366e-04  4.16752184e-04
  8.06339085e-06 -5.67502342e-04  1.33973174e-03 -1.22419186e-03
  4.78830189e-05 -3.26042995e-04  4.40084608e-04  3.13594937e-04
  9.63918865e-06  2.21078750e-04  5.19227237e-04  6.54293690e-04
  3.94239789e-04  6.86069019e-04 -5.63317910e-04  1.32945366e-04
  1.08316541e-04  6.55611511e-04  4.25652834e-05 -9.29310918e-05
  1.15916133e-04 -1.70689076e-03 -5.65744936e-04  2.06567347e-05
  6.02545217e-04  1.19123608e-04  1.18841417e-04 -6.14313409e-04
  1.05304644e-05 -1.40214805e-04  5.61099499e-04  5.91687858e-05
  6.40437007e-04  6.75786287e-05  1.60895288e-05 -1.16555579e-03
 -5.18225133e-04  4.89528291e-04  8.93982127e-04 -3.19210812e-07
  1.81624666e-04 -6.13881275e-04  6.38808589e-04  4.81063500e-04
  1.44908205e-04  6.86170766e-04  1.49015337e-04  1.32150017e-03
  1.34464353e-05  5.99771738e-05 -1.85970962e-03  4.26500570e-04
  1.11110508e-04 -1.20360311e-03  7.17513263e-04  3.57336830e-05
  3.01133841e-05  1.17985532e-04 -6.57928176e-04  6.49724156e-04
  1.07424334e-04 -2.58245971e-04  2.18339264e-05  5.12227416e-05
  3.05734575e-05  8.63783062e-05 -6.03402033e-04 -4.21455130e-04
  5.26709482e-05  7.21661374e-04 -2.12486461e-03  1.28796324e-04
  6.51985407e-04 -3.09990533e-03 -3.31021845e-04  1.03566796e-04
  2.03540549e-05  1.31900609e-03  2.56675296e-04  2.07684934e-04]
• Khoảng cách dịch chuyển bias (L2 Norm): 0.00678227
======================================================================

======================================================================
------------------- EPOCH CỤC BỘ 04 / 05 hoàn tất --------------------
• Loss trung bình của Epoch: -9.6685
• Delta Bias lớp 'linear.bias' sau Epoch này:
  [ 1.98855996e-05 -1.17586926e-03  1.63786113e-04  6.49534166e-04
  6.24526292e-05  8.32565129e-05 -6.22618943e-04  9.83867794e-05
  1.06310472e-05 -4.21429519e-04  3.37455422e-05 -3.48674133e-04
  2.76826322e-05  1.30831264e-04  1.28821656e-03  1.98036432e-05
 -1.24284625e-03  2.75149941e-05  4.15067188e-05  6.33962220e-04
  7.21216202e-06 -5.48631884e-04  1.41263939e-03 -1.17765367e-03
  3.82922590e-05 -5.37995249e-04  7.97328772e-04  1.50303356e-04
 -1.71881169e-04 -1.84401870e-06  5.85323200e-04  6.49131835e-04
  9.23615182e-04  7.88500998e-04 -6.23214990e-04  1.07089058e-04
  3.69064510e-05  6.67419285e-04  1.91776780e-05 -3.10316682e-06
  1.08741224e-04 -1.84339285e-03 -6.07267022e-04  9.98377800e-06
  6.61117956e-04  2.34074891e-04  3.49151902e-04 -6.13346696e-04
  7.28480518e-06 -5.90012409e-04  2.75837258e-04  8.28877091e-05
  7.85751268e-04  1.20420009e-05  8.99238512e-06 -1.17065012e-03
 -6.13151118e-04  6.90861139e-04  1.39795523e-03 -2.27780780e-04
  4.08027321e-04 -6.15093857e-04  5.25154639e-04  7.64084980e-04
  5.79301268e-05  5.42733935e-04  3.33338976e-05  1.56365614e-03
  3.05641443e-05  5.47245145e-05 -1.86531991e-03  1.02657825e-04
  1.16188079e-04 -1.19910296e-03  7.72793777e-04  2.53531616e-05
  1.29956752e-05  9.79769975e-05 -1.18601508e-03  7.06601888e-04
  4.44501638e-05  7.46876467e-05  2.58274376e-05  2.09733844e-05
  2.58395448e-05 -3.14870849e-05 -5.53050078e-04 -5.59206121e-04
  1.21826306e-05  6.39146660e-04 -2.39945762e-03  5.02187759e-05
  6.41819090e-04 -3.09707597e-03 -3.10447067e-05  9.04372428e-05
  4.15067188e-05  1.85725465e-03  1.57122966e-04  4.83142212e-04]
• Khoảng cách dịch chuyển bias (L2 Norm): 0.00748930
======================================================================

======================================================================
------------------- EPOCH CỤC BỘ 05 / 05 hoàn tất --------------------
• Loss trung bình của Epoch: -12.2948
• Delta Bias lớp 'linear.bias' sau Epoch này:
  [ 2.07472593e-04 -1.22182257e-03  1.66472048e-04  6.65646046e-04
  5.43650240e-05  2.51568854e-05 -7.58615788e-04  1.02857128e-04
  2.58334912e-05 -5.80687542e-04  3.06759030e-05 -2.96473503e-04
  8.15019011e-05  1.69073232e-04  1.28862821e-03  1.95819885e-05
 -1.29424036e-03  7.46957958e-05  1.28297601e-04  8.09420832e-04
  2.08579004e-05 -6.06114045e-04  1.59294158e-03 -1.21359620e-03
  5.67957759e-05 -5.72936609e-04  6.59015262e-04  2.07545236e-04
 -5.23669645e-04 -2.38270033e-04  6.22328371e-04  6.76516909e-04
  8.76680948e-04  6.91035297e-04 -9.81938094e-04  1.17809512e-04
  7.55507499e-05  7.85876531e-04  7.99954869e-05 -3.45413573e-04
  2.37008557e-04 -1.84921548e-03 -4.35318798e-04  2.48495489e-05
  7.46777281e-04  2.84291804e-04  7.51889311e-04 -6.07305206e-04
  4.87826765e-06 -6.05665147e-04  4.41744924e-04  1.57523900e-04
  9.98899341e-04  2.67550349e-05  1.19074248e-05 -1.20579824e-03
 -6.73091039e-04  6.85111154e-04  1.94468163e-03 -4.00802121e-04
  5.89152798e-04 -6.12042844e-04  6.38471334e-04  7.98998401e-04
  3.45403329e-04  6.78329670e-05  5.16995788e-05  1.36614405e-03
  2.51568854e-05  5.52311540e-05 -1.86618604e-03  5.42225316e-05
  6.33653253e-05 -1.23091042e-03  9.69597837e-04  1.67547259e-05
  1.07264146e-04  1.12585723e-04 -8.97596125e-04  6.51810318e-04
  6.00777566e-05  4.94716223e-05  2.03922391e-05  2.00495124e-05
 -3.26409936e-05 -5.53485937e-04 -5.65545633e-04 -5.60826622e-04
  4.68073413e-05  1.57533679e-04 -2.41135154e-03 -3.67313623e-05
  6.81558624e-04 -3.10189091e-03  2.25584954e-05  5.31903934e-05
  1.02951191e-04  1.89568847e-03  1.71461143e-04  4.55802307e-04]
• Khoảng cách dịch chuyển bias (L2 Norm): 0.00782542
======================================================================

================================================================================
================== ĐÁNH GIÁ HIỆU NĂNG SAU KHI UNLEARN (AFTER) ==================
